Solution: R210 with 100 nodes and 10 routes, obj_func: distance
route 1:   40  53
route 2:   50  33  81   9  78  79  29  24  68  12
route 3:   95  92  42  14  44  38  86  16  61  85  91 100  93  96
route 4:   18  83  45  47  36  49  46   8  84  17   5  60  89
route 5:    6  94  99  59  98  37  87  97  13
route 6:   52  88  62   7  82  48  19  11  64  63  90  32  66  20  70  10  31
route 7:   73  75  23  67  39  56   4  55  25  54  26
route 8:    2  57  15  43  41  22  74  72  21  58
route 9:   27  69   1  30  51  71  65  35  34   3  77  80
route 10:  76  28