Solution: R210 with 100 nodes and 10 routes, obj_func: distance
route 1:    6  96  99  61  84   5  60  89
route 2:   94  59  85  91  16  86  38  44  14  43  41  22  74  56   4  26
route 3:   33  81  65  71  30  70   1
route 4:   28  12  76   3  79  29  78   9  51  50
route 5:   52   7  82  48  47  36  49  46   8  18
route 6:   53  40  58
route 7:   83  45  17  93  98 100  37
route 8:   27  69  31  88  62  19  11  64  63  10  90  32  20  66  35  34  68  77
route 9:   21  73  72  75  23  67  39  55  25  54  24  80
route 10:  95  92  42  15  57   2  87  97  13