Solution: R210 with 100 nodes and 10 routes, obj_func: distance
route 1:    6  96  99   5  84  17  60  89
route 2:   27  69   1  30  51  71  65   9  81  78  34  35  66  20  70
route 3:   92  98  85  61  16  86  38  14  44  91 100  37  93  59
route 4:   50  33  79  29  24  80  68   3  77
route 5:   53  40  87  97  13
route 6:   94  95  42  15  43  57   2  58
route 7:   83  45  82  48  47  36  19  11  64  49  46   8  18
route 8:   52   7  88  62  63  90  32  10  31
route 9:   21  73  72  39  67  23  56  75  22  41  74   4  55  25  54  26
route 10:  28  76  12