Solution: R210 with 100 nodes and 11 routes, obj_func: distance
route 1:   21  73  72  75  39  67  23  41  22  74  56   4  55  25  54  26
route 2:    6  94  87  97  13
route 3:   31  88  62  11  64  63  90  32  10  70
route 4:   95  92  42  14  44  38  86  16  91  98  59  99  85  61  84  17   5  60  89
route 5:   28  12  76   3  79  78  34  29  24  80  68  77
route 6:   83  45  46   8  18
route 7:   52   7  19  36  49  47  48  82
route 8:    2  57  15  43 100  37  93  96
route 9:   53  40  58
route 10:  50  33  81   9  51   1
route 11:  27  69  30  71  65  35  66  20