Solution: C102 with 100 nodes and 11 routes, obj_func: distance
route 1:   55  54  53  56  58  60  59  68  69
route 2:   90  87  86  83  82  84  85  88  89  91
route 3:   32  33  31  35  37  38  39  36  34
route 4:   57  41  40  44  45  48  51  50  52  49
route 5:   13  17  18  19  15  16  14  12
route 6:   20  24  25  27  29  30  28  26  23  22  21
route 7:    5   3   7   8  10  11   9   6   4   2   1  75
route 8:   43  42  46  47
route 9:   67  65  63  62  74  72  61  64  66
route 10:  81  78  76  71  70  73  77  79  80
route 11:  98  96  95  94  92  93  97 100  99