Solution: C102 with 100 nodes and 10 routes, obj_func: distance
route 1:   20  24  25  27  29  30  28  26  23  22  21
route 2:   13  17  18  19  15  16  14  12
route 3:   90  87  86  83  82  84  85  88  89  91
route 4:   75   1   2   8  10  11   9   6   4   7   3   5
route 5:   67  65  63  62  74  72  61  64  68  66  69
route 6:   43  42  41  40  44  46  45  48  51  50  52  49  47
route 7:   32  33  31  35  37  38  39  36  34
route 8:   81  78  76  71  70  73  77  79  80
route 9:   57  55  54  53  56  58  60  59
route 10:  98  96  95  94  92  93  97 100  99