Solution: C109 with 100 nodes and 11 routes, obj_func: distance
route 1:   25  27  32  33  29  30  28  26  23
route 2:   67  65  63  62  74  72  61  64  69
route 3:   81  78  76  71  70  73  77  79  80
route 4:   98  96  95  94  92  93  97 100  99
route 5:   42  40  57  44  45  46  48  51  50  52  49  47
route 6:   18  19  15  16  14  12  11
route 7:    7   3   5
route 8:   43  41  55  54  53  56  58  60  59  68  66
route 9:   20  24  31  35  37  38  39  36  34  22  21
route 10:  17  13  10   8   9   6   4   2   1  75
route 11:  90  87  86  83  82  84  85  88  89  91