Solution: C109 with 100 nodes and 11 routes, obj_func: distance
route 1:   67  65  63  62  74  72  61  64  68  66  69
route 2:   20  13  17  18  19  15  16  14  12
route 3:   81  78  76  71  70  73  77  79  80
route 4:   43  31  35  33  37  38  39  36  34  22
route 5:   24  25  27  32  29  30  28  26  23  21
route 6:    7   8  10  11   9   6   4   2   1  75
route 7:   57  55  54  53  56  58  60  59
route 8:   41  40  42  44  46  45  48  51  50  52  49  47
route 9:   90  87  86  83  82  84  85  88  89  91
route 10:  98  96  95  94  92  93  97 100  99
route 11:   5   3