Solution: C109 with 100 nodes and 11 routes, obj_func: distance
route 1:   55  57  44  42  46  45  48  51  50  52  49  47
route 2:   67  65  63  62  74  72  61  64  66
route 3:   25  27  32  33  29  30  28  26  23
route 4:   90  87  86  83  82  84  85  88  89  91
route 5:   13  17  18  19  15  16  14  12
route 6:   98  96  95  94  92  93  97 100  99
route 7:   10  11   8   9   6   4   2   1  75
route 8:   20  24  31  35  37  38  39  36  34  22  21
route 9:    7   3   5
route 10:  43  41  40  54  53  56  58  60  59  68  69
route 11:  81  78  76  71  70  73  77  79  80