Solution: C109 with 100 nodes and 11 routes, obj_func: distance
route 1:   98  96  95  94  92  93  97 100  99
route 2:   32  33  31  35  37  38  39  36  34
route 3:   67  65  63  62  74  72  61  64  68  66  69
route 4:   13  17  18  19  15  16  14  12
route 5:    7   8  11  10
route 6:   41  40  55  54  53  56  58  60  59  51  52
route 7:   81  78  76  71  70  73  77  79  80
route 8:   43  42  44  57  45  46  48  50  49  47
route 9:   90  87  86  83  82  84  85  88  89  91
route 10:  20  24  25  27  29  30  28  26  23  22  21
route 11:   5   3   4   9   6   2   1  75