Solution: R201 with 100 nodes and 11 routes, obj_func: distance
route 1:   62  36  47  82   8  18   6  94  53
route 2:   95  59  92  98  14  44  38  86  84  17  91 100  93  60  89
route 3:   21  40  73  41  22  74   4  55  25  24  80
route 4:    2  42  15  57  87  43  37  97  13  58
route 5:   31  63  64  11  90  10
route 6:   27  69  30  51   9  81  79  78  34  35  68  77
route 7:   52  88   7  19  49  46  48
route 8:   33  65  71  66  20  32  70   1
route 9:   72  39  67  23  75  56  54  26
route 10:  83  45   5  61  16  85  99  96
route 11:  28  12  29  76   3  50