Solution: R201 with 100 nodes and 10 routes, obj_func: distance
route 1:   33  65  71   9  81  51  20  66  35  68  77
route 2:   72  39  67  23  75  22  41  57  94   6
route 3:   21   2  87  43  74  58
route 4:   40  73  56   4  54  55  25  24  80
route 5:   83  45  36  47  82   8  84  17  60  89
route 6:   52   5  59  98  37 100  91  93
route 7:   95  92  42  15  14  38  44  16  61  86  85  99  96  97  13
route 8:   31  63  64  11  19  62  88   7  18  53  26
route 9:   28  12  29  76  79  78  34   3  50  10  32  70   1
route 10:  27  69  30  90  49  46  48