Solution: RC206 with 100 nodes and 10 routes, obj_func: distance
route 1:   82  11  15  16  47  14  12  10   9  13  17
route 2:   69  98  53  78  73  79  60  55
route 3:   83  20  49  22  24  66
route 4:   88   2  45   5  46   8   7   6  81  96  94  80
route 5:   90  64  84  76  89  56  91
route 6:   65  52  99  59  75  97  87  86  57
route 7:   61  42  44  39  38  36  35  37  54
route 8:   71  72  41  40  43   1   3   4 100  70  68
route 9:   95  62  63  85  51  19  23  21  18  48  25  77  58  74
route 10:  92  67  33  30  31  29  27  28  26  32  34  50  93