Solution: RC206 with 100 nodes and 10 routes, obj_func: distance
route 1:   94  67  71  93  96
route 2:   72  42  44  39  38  36  40  43  41  37  35  54
route 3:   65  83  21  23  75  59  97  87  86  74  58  77  66
route 4:   61  81
route 5:   88   2  45   5   3   1  70  68
route 6:   92  95  62  33  30  31  29  27  28  26  32  34  50  89  56  91  80
route 7:   64  76  63  85  84  51  22  49  19  18  48  25  24  20
route 8:   90  82  99  52  57
route 9:   53  78  73  79   7   6   8  46   4 100  55
route 10:  69  98  12  14  47  16  15  11  10   9  13  17  60