Solution: RC206 with 100 nodes and 10 routes, obj_func: distance
route 1:   90  52  86  57  84  76  89  48  25  24
route 2:   92  95  62  67  33  30  31  29  27  28  26  32  34  50  56  91  80
route 3:   88   2  45   5  46   8   7   6   4   3   1 100  70  68
route 4:   82  12  14  47  16  15  11   9  87  75  58  77  74
route 5:   61  42  44  39  38  36  40  43  41  37  35  54
route 6:   81  96  94  93
route 7:   65  99  59  97  13  17  10
route 8:   69  98  53  78  73  79  60  55
route 9:   83  64  63  85  51  18  21  23  19  49  20  22  66
route 10:  72  71