Solution: C105 with 100 nodes and 11 routes, obj_func: distance
route 1:   32  33  31  35  37  38  39  36  34
route 2:   81  78  76  71  70  73  77  79  80
route 3:   13  17  18  19  15  16  14  12
route 4:   43  42  41  40  44  46  45  48  51  50  52  49  47
route 5:   57  55  54  53  56  58  60  59
route 6:   98  96  95  94  92  93  97 100  99
route 7:   67  65  63  62  74  72  61  64  68  66  69
route 8:    5   3   4   2   1  75
route 9:   20  24  25  27  29  30  28  26  23  22  21
route 10:   7   8  10  11   9   6
route 11:  90  87  86  83  82  84  85  88  89  91