Solution: R209 with 100 nodes and 10 routes, obj_func: distance
route 1:    2  73  74  22  41  15  43  42  97  92  37 100  91  93  96
route 2:   95  59  98  85  61  16  86  38  44  14  57  87  13  58
route 3:   53  40  21  72  75  56  23  67  39  25  55   4  54  26
route 4:   94   6  18   8  46  48
route 5:   52   7  82  19  47  36  49  64  11  10
route 6:   12  29  24  80  68
route 7:   27  69  30  51   9  71  35  65  66  20   1
route 8:   31  88  62  63  90  32  70
route 9:   99   5  83  45  17  84  60  89
route 10:  28  76  33  81  34  78  79   3  77  50