Solution: R209 with 100 nodes and 10 routes, obj_func: distance
route 1:   28  76  51  71   9  81  33  50   1
route 2:   31  88  62  63  90  32  10
route 3:   12  29  79   3  77
route 4:   95  92  98  91 100  37  93  96
route 5:   27  69  70  30  20  66  65  35  34  78  24  80  68
route 6:    6  94  87  57  15  43  42  97  13
route 7:   53  40  21  73  72  74  58
route 8:    2  41  22  75  56  23  67  39  25  55   4  54  26
route 9:   18   7  19  11  64  49  36  46  48  60  89
route 10:  52  82  47   8  45  83   5  99  59  85  61  16  44  14  38  86  17  84