Solution: R205 with 100 nodes and 10 routes, obj_func: distance
route 1:   53  94  99   6
route 2:   27  69  30  71  65  35  34   3  50
route 3:   18   7  19  11  64  49  46   8  48  60  89
route 4:   52  82  47  36  45  83   5  84  17  93  96
route 5:   42  15  43  58
route 6:   28  12  76  33  79  29  78  81   9  51  66  20  70   1
route 7:   21  72  75  23  67  39  25  55  54  24  80  68  77
route 8:   40   2  87  57  41  22  73  74  56   4  26
route 9:   95  59  92  98  44  14  38  86  16  61  85  91 100  37  97  13
route 10:  31  88  62  63  90  32  10