Solution: R205 with 100 nodes and 11 routes, obj_func: distance
route 1:    5  83  45  84  17  60  89
route 2:   42  14  44  38  86  16  61  85  99  96  94   6
route 3:   27  69  31  63  64  11  19  47  36  49  46   8  18
route 4:   40   2  15  43 100  91  93
route 5:   88  62  10  90  32  20  66  35  34  24  80  68  77
route 6:   12  29   3  79  78  81  50   1
route 7:   21  72  75  23  67  39  56   4  25  55  54
route 8:   95  59  92  98  37  97  13  58
route 9:   52   7  82  48
route 10:  53  87  57  41  22  73  74  26
route 11:  28  76  33  71  65   9  51  30  70