Solution: R205 with 100 nodes and 10 routes, obj_func: distance
route 1:   53  40  73  41  22  74  56   4  26
route 2:    5  83  45  84  61  85  16  86  17  60  89
route 3:   88  62  11  64  49  19   7  18   6  99  94  13
route 4:   87   2  58
route 5:   28  12  76  33  79  29  78  81  51   9  35  34   3  50
route 6:   52  82  47  36  46   8  48
route 7:   21  72  75  23  67  39  25  55  54  24  80  68  77
route 8:   27  69  30  71  65  66  20   1
route 9:   95  59  92  98  44  14  38  42  15  43  57  97  37 100  91  93  96
route 10:  31  63  90  32  10  70