Solution: R202 with 100 nodes and 10 routes, obj_func: distance
route 1:   18   8  84   5   6  94  97  13
route 2:   95  92  59  99  61  16  91  98  37  87  57  43 100  85  93  96
route 3:   40  73  74  72  21  58
route 4:    2  42  15  14  44  38  86  17  60  89
route 5:   83  45  48  47  36  19  11  64  49  46  82   7  52
route 6:   50  33  65  71   9  51  20  66  35  34   3  77
route 7:   28  76  81  78  79  53
route 8:   27  69   1  29  24  68  80  12
route 9:   31  63  62  88  30  90  10  32  70
route 10:  39  67  23  41  22  75  56   4  54  55  25  26