Solution: R202 with 100 nodes and 10 routes, obj_func: distance
route 1:    6  99  97  13
route 2:   83  45  47  36  49  48  82   7  10  20  66  35  34   3  68  80  12
route 3:   39  67  23  75  73   2  87  57  41  22  74  58
route 4:   95  92  37  14  44  38  86  84   8  46  17  60  89
route 5:   28  29  24  54
route 6:   52  62  63  64  11  19  88  31  76  77
route 7:   50  33  65  71  78  79  81   9  51   1
route 8:   27  69  30  90  32  70
route 9:   94  59  85  91  16  61   5  18  53  40  21  72  56   4  55  25  26
route 10:  42  15  43 100  98  93  96