Solution: R202 with 100 nodes and 10 routes, obj_func: distance
route 1:   28  76  50  30  31  88   7  18   8  84   5   6  13  58
route 2:   87  97  37 100  85  93  59  94
route 3:   62  63  90  10  20  66  32  70
route 4:   27  69   1   3  29  24  54  12
route 5:   21  39  67  23  72  73  40  53
route 6:   96  99  61  16  86  17  60  89
route 7:   83  45  48  47  36  19  11  64  49  46  82  52
route 8:   33  65  71   9  51  81  79  78  35  34  68  80  77
route 9:    2  42  15  57  41  22  75  56  74   4  55  25  26
route 10:  95  92  98  91  14  44  38  43