Solution: R202 with 100 nodes and 10 routes, obj_func: distance
route 1:   18   8  82  48  49  46  17  85 100  98  93  59  94
route 2:   88  62  30  20  66  32  70
route 3:   95  92  37  91  16  61  99  96   6  53
route 4:   52   7  63  65  71  29  24  68  80  12
route 5:   42  14  44  38  86  84   5  60  89
route 6:   40  73   2  87  57  41  22  75  74  72  21  58
route 7:   83  45  36  47  19  11  64  90  10  31
route 8:   27  69   1  33  50  76  79  78  81  51   9  35  34   3  77
route 9:   28  39  67  23  56   4  54  55  25  26
route 10:  15  43  97  13