Solution: R202 with 100 nodes and 11 routes, obj_func: distance
route 1:    6  99  96  53
route 2:    2  15  57  87  97  13  58
route 3:   52   7  48  47  36  45   8  46  82
route 4:   21  39  67  23  56  75  74  72   4  55  25  24  80  12
route 5:   27  69  88  18
route 6:   28  29  78   9  51  81  79  68  54  26
route 7:   62  63  11  19  64  49  10  31
route 8:   33  65  71  66  20  35  34   3  77
route 9:   95  92  42  14  38  44  16  61  86  91  85   5  84  17  83  60  89
route 10:  76  50  30  90  32  70   1
route 11:  40  73  22  41  43 100  37  98  93  59  94