Solution: R202 with 100 nodes and 10 routes, obj_func: distance
route 1:   40  73  41  22  74   4  54  26
route 2:   83  45  48  47  36  49  46  17   5  60  89
route 3:   21  72  75  39  67  23  56  55  25  24  80
route 4:    2  42  15  14  44  38  86  91 100  93  59  95
route 5:   31  63  64  11  19  62  88   7  18  99  96   6
route 6:   50  33  65  71  35  34  68  77
route 7:   94  92  37  98  85  16  61  84   8  82  52
route 8:   27  69   1  30  90  10
route 9:   53  87  57  43  97  13  58
route 10:  28  12  29  76   3  79  78  81   9  51  20  66  32  70