Solution: R202 with 100 nodes and 10 routes, obj_func: distance
route 1:   40   2  87  57  43  97  13
route 2:   62  63  30  51  20  66  35  34   3  77
route 3:   83  45  82  48  47  36  49  46  17   5  60  89
route 4:   50  33  65  71   9  81  78  79  68  54   4  55  25  26
route 5:   28  76   1  31  88  18   6  99  93  85  91 100  37  98  59  96
route 6:   27  69  29  24  80  12
route 7:   53
route 8:   21  39  67  23  72  73  41  22  75  56  74  58
route 9:   94  95  92  42  15  14  38  44  16  61  86  84   8
route 10:  52   7  19  11  64  90  10  32  70