Solution: R112 with 100 nodes and 11 routes, obj_func: distance
route 1:   88  62  63  90  32  10  31
route 2:   28  76  12  80  68  29   3  79  78  34  77
route 3:    2  42  14  44  38  43  15  57  58
route 4:   27  69  70  30  20  66  65  71  35
route 5:   83  18   8  46  45  17  84   5  60  89
route 6:   87  98  93  99  96   6  94  13
route 7:   53  40  72  74  22  75  56   4  26
route 8:   21  73  41  23  67  39  25  55  24  54
route 9:    1  51   9  81  33  50
route 10:  52   7  82  19  11  64  49  36  47  48
route 11:  95  59  85  61  86  16  91 100  37  92  97