Solution: R112 with 100 nodes and 11 routes, obj_func: distance
route 1:   88  62  63  90  32  10  31
route 2:   18  82   8  46  45  83  60  89
route 3:   40  53  27  69  70  30  51  50
route 4:   94  95  97  87  42  15  43  13
route 5:    6  99  61  16  86  17  84   5
route 6:   12  29  24  55  25  39  67  23  56   4
route 7:   21  73  72  75  74  22  41  57   2  58
route 8:   52   7  19  11  64  49  36  47  48
route 9:   59  92  98  85  91  44  38  14 100  37  93  96
route 10:  28  76  79  78  34   3  77  68  80  54  26
route 11:  33  81   9  35  71  65  66  20   1