Solution: R112 with 100 nodes and 11 routes, obj_func: distance
route 1:   28  12  80  68  24  29  78   3  77
route 2:   40  73  72   4  25  55  54  26
route 3:   52  88   7  82  18  60  99  96  94   6
route 4:   83  45   8  46  36  49  64  63  70
route 5:   53   2  87  42  43  15  57
route 6:   31  10  62  11  19  47  48
route 7:   95  14  38  86  16  61  17  84   5  89
route 8:   21  75  23  67  39  56  74  22  41  58
route 9:   59  98 100  44  91  85  93  37  92  97  13
route 10:  27  69  30  90  32  20  51  81  33  50   1
route 11:  76  79   9  71  66  65  35  34