Solution: R112 with 100 nodes and 11 routes, obj_func: distance
route 1:   83  84   5  99  93  85  98  92  97  13
route 2:    6  18  82   8  46  45  17  60  89
route 3:    2  57  15  43  42  87  95  94
route 4:   31  62  63  90  32  20  30  10  70   1
route 5:   33  81  34  78  79   3  29  24  80  68
route 6:   52  88   7  19  11  64  49  36  47  48
route 7:   61  16  86  38  14  44  91 100  37  59  96
route 8:   53  21  73  40
route 9:   28  76  77  12  54  55  25   4  26
route 10:  27  69  51  66  65  71  35   9  50
route 11:  41  22  75  23  67  39  56  72  74  58