Solution: R112 with 100 nodes and 11 routes, obj_func: distance
route 1:   51  71   9  81  33  78  79   3  77
route 2:   28  76  29  24  80  12  26  53
route 3:   40  22  41  15  57   2  74  72   4
route 4:   21  73  75  56  23  67  39  25  55  54
route 5:    5  84  17  61  16  91 100  37  97  13  58
route 6:   31  88  62  63  90  32  10  70   1  50
route 7:   52   7  19  11  64  49  36  47  48
route 8:   95  59  92  98  85  93  99  96  94   6
route 9:   87  42  44  86  38  14  43
route 10:  27  69  30  20  66  65  35  34  68
route 11:  18  82   8  46  45  83  60  89