Solution: R206 with 100 nodes and 10 routes, obj_func: distance
route 1:    2  42  15  57  87  97  13  58
route 2:   83  45  46   8  82  18
route 3:   88  48  47  36  49  19  10  31
route 4:   21  72  75  23  67  39  56   4  25  55  54  26
route 5:   52   7  62  11  64  63  90  32  20  66  35   3  77
route 6:   27  69   1  50  33  71  65  34  78  81   9  51  30  70
route 7:   28  76  79  29  24  68  80  12
route 8:    6  96  99  85  16  86  61  84  17   5  60  89
route 9:   95  92  37  91  44  38  14  43 100  98  93  59  94
route 10:  53  40  73  41  22  74