Solution: R203 with 100 nodes and 10 routes, obj_func: distance
route 1:    1  51  20  71  65  66  10  70
route 2:   99  59  97  87   2  57  41  22  74  73  58
route 3:   53  40
route 4:   50  33  79  78  81   9  35  34   3  77
route 5:   27  69  30  32  90  63  64  49  19   7  52
route 6:   21  72  75  39  67  23  56   4  26
route 7:   28  76  68  29  24  55  25  54  80  12
route 8:   89  18  82  47  36  46  45  84  17   5  94  13
route 9:   95  92  42  15  43  14  91  85  61  16  86  38  44 100  37  98  93  96
route 10:  31  88  62  11  48   8  83  60   6