Solution: R108 with 100 nodes and 11 routes, obj_func: distance
route 1:    6  96  95  94  53  21  72  74  22  41  58
route 2:   52   7  82  46   8  18  89
route 3:    2  57  15  43  42  87  13
route 4:   40  73  75  56  23  67  39   4  26
route 5:   12  80  24  55  25  54
route 6:   70  10  63  90  32  30  51  81  33  50
route 7:   61  16  86  44  38  14  91 100  37  97
route 8:   31  88  62  19  11  64  49  36  47  48
route 9:   27  69   1   9  35  71  65  66  20
route 10:  76   3  79  78  34  29  68  77  28
route 11:  59  92  98  85  93  99   5  84  17  45  83  60