Solution: R108 with 100 nodes and 11 routes, obj_func: distance
route 1:   97  42  14  44  38  91  85  93  98 100  37  94
route 2:   40  73  72  56  23  67  39  55  25  54  26
route 3:    2  57  43  15  41  22  75  74   4  21  58
route 4:   88  62  11  19   7  52
route 5:   27  69   1  51   9  34  29  24  68  80  12
route 6:   31  63  64  49  36  46  47  48  82  18
route 7:   89  60  83  45   8  84  17  86  16  61   5
route 8:   95  92  59  99  96   6
route 9:   50  33  81  78  76  79   3  77  28
route 10:  53  87  13
route 11:  10  90  32  66  65  35  71  20  30  70