Solution: C103 with 100 nodes and 11 routes, obj_func: distance
route 1:   90  87  86  83  82  84  85  88  89  91
route 2:   20  24  25  27  29  30  28  26  22  21
route 3:    5   3   7   8  10
route 4:   81  78  76  71  70  73  77  79  80  63
route 5:   32  33  31  35  37  38  39  36  34
route 6:   12  14  16  15  19  18  23
route 7:   43  42  41  40  44  46  45  48  51  50  52  49  47
route 8:   55  54  53  56  58  60  59  57
route 9:   67  65  62  74  72  61  64  68  66  69
route 10:  13  17  11   9   6   4   2   1  75
route 11:  98  96  95  94  92  93  97 100  99