Solution: C103 with 100 nodes and 11 routes, obj_func: distance
route 1:   20  25  27  30  32  31  23  22  21
route 2:   43  42  41  40  44  46  45  48  51  50  52  49  47
route 3:   13  11   9   6   4   3   5
route 4:   17  18  19  15  16  14  12   7
route 5:   75   1   2   8  10
route 6:   24  33  35  37  38  39  36  34  29  28  26
route 7:   55  54  53  56  58  60  59  57
route 8:   90  87  86  84  85  88  82  83  89  91
route 9:   98  96  95  94  92  93  97 100  99
route 10:  81  78  76  71  70  73  77  79  80  63
route 11:  67  65  62  74  72  61  64  68  66  69