Solution: C103 with 100 nodes and 11 routes, obj_func: distance
route 1:   43  42  44  45  48  51  50  46  47
route 2:   90  87  86  83  82  84  85  88  89  91
route 3:   32  33  35  37  38  39  36  34  29  24
route 4:   13  17  18  19  15  16  14  12
route 5:   67  65  62  74  72  61  64  66
route 6:   55  54  53  56  58  60  31  52  49
route 7:    5   3   7   8  10  11   9   6   4   2   1  75
route 8:   21  25  27  30  28  26  23  22  20
route 9:   98  96  95  94  92  93  97 100  99
route 10:  81  78  76  71  70  73  77  79  80  63
route 11:  41  40  59  57  68  69