Solution: RC201 with 100 nodes and 11 routes, obj_func: distance
route 1:   64  19  23  21  18  76  51  85  84  94  96
route 2:   71  67  62  50  56  66
route 3:   82  52  86  87   9  10  13  17
route 4:   81  61  90
route 5:    5  45   2   6   7   8  46   3   1   4 100  70
route 6:   65  83  59  75  97  74  58  77  25
route 7:   72  39  36  35  37  54
route 8:   14  47  16  15  11  12  78  73  79  60  55
route 9:   92  95  63  33  27  29  31  30  28  26  34  32  93
route 10:  42  44  41  38  40  43  68
route 11:  69  98  88  53  99  57  22  20  49  24  48  89  91  80