Solution: RC201 with 100 nodes and 11 routes, obj_func: distance
route 1:   95  63  85  76  51  84  56  91  80
route 2:   82  52  87  86  57  99  90  94  96
route 3:   72  36  39  42  44  41  38  40  37  35  43  54
route 4:    5  45   2   6   7   8  46   3   1   4 100  70
route 5:   81  61
route 6:   65  83  59  75  97  74  66
route 7:   64  23  21  18  19  49  22  20  24
route 8:   71  67  50  93
route 9:   14  47  16  15  12  11   9  10  13  17  60
route 10:  92  62  33  31  29  27  28  30  26  34  32  89  48  25  77  58
route 11:  69  98  88  79  73  78  53  55  68