Solution: RC201 with 100 nodes and 11 routes, obj_func: distance
route 1:   72  36  39  42  44  41  38  40  35  37  43  68
route 2:   94  93
route 3:   82  53  90
route 4:   92  95  63  33  27  29  31  30  28  26  34  50  32  89  91  80
route 5:   65  59  75  23  21  18  19  49  22  20  24  48  25  77  58
route 6:   71  67  62  85  76  51  84  56
route 7:    5  45   2   6   7   8  46   3   1   4 100  70
route 8:   69  98  88  78  73  79  60  55
route 9:   64  83  52  99  57  86  87  97  74  66
route 10:  61  81  54  96
route 11:  14  47  16  15  12  11   9  10  13  17