Solution: RC201 with 100 nodes and 11 routes, obj_func: distance
route 1:   81  94  96
route 2:   82  52  99  90
route 3:   14  47  16  15   9  87  86  57  66  56  91  80
route 4:   69  98  12  11  10  13  17  60
route 5:   63  85  76  51  84  50  93
route 6:   64  23  21  18  19  49  22  20  24
route 7:   65  83  59  75  97  74
route 8:   95  33  31  29  27  30  28  26  34  32  89  48  25  77  58
route 9:    5  45   2   6   7   8  46   3   1   4 100  70
route 10:  72  36  39  42  44  41  38  40  43  35  37  54  68
route 11:  92  62  67  71  61  88  79  73  78  53  55