Solution: RC202 with 100 nodes and 10 routes, obj_func: distance
route 1:   69  88  53   9  10  13  17  60  98
route 2:   82  14  47  16  15  11  12  78  73  79   7   8  46   6 100  70
route 3:   42  39  36  37  38  44  40  35  43  68
route 4:   90  99  52  57  86  87  97  59  74  58  75  77  25  83
route 5:   81  61  41  72  54
route 6:   65  64  23  21  48  18  19  49  22  20  24
route 7:    1   3   5  45   4   2  55
route 8:   92  50  33  63  51  76  89  85  95  80
route 9:   96  71  67  84  56  66
route 10:  91  62  34  31  29  27  26  28  30  32  93  94