Solution: RC202 with 100 nodes and 10 routes, obj_func: distance
route 1:   82  14  47  16  15  11  73  79  78  12   9  10  13  17  60  98
route 2:   92  62  50  67  71  93  94  80
route 3:   64  51  76  84  56  66
route 4:   90  81
route 5:   42  39  36  35  37  72  54  96
route 6:    1   3   5  45   6   7   8  46   4   2  55  68
route 7:   69  88  53  99  52  57  86  87  97  59  74  58  75  77  25  83
route 8:   65  23  21  48  18  19  49  22  20  24
route 9:   61  44  41  38  40  43  70 100
route 10:  91  95  85  63  33  28  26  27  29  31  34  30  32  89