Solution: RC202 with 100 nodes and 11 routes, obj_func: distance
route 1:   65  57  22  20  49  24
route 2:   64  19  23  21  48  18  51  76  89  91
route 3:   81  61  98  53  10  13  17  12
route 4:   39  37  36  35  43  68
route 5:   90  99  52  86  74  66
route 6:   82  14  47  16  15  11   9  87  59  97  75  58  77  25  83
route 7:   92  95  85  63  33  28  26  27  29  31  30  32  34  50  93  94  80
route 8:   96  71  67  62  84  56
route 9:   69  88  78  73  79  60  55
route 10:   1   3   5  45   6   7   8  46   4   2 100  70
route 11:  42  44  40  38  41  72  54