Solution: RC202 with 100 nodes and 10 routes, obj_func: distance
route 1:    1   3   5  45   7  79  73  78   6   8  46   4   2 100  70
route 2:   64  23  21  18  48  19  49  22  20  56  66
route 3:   92  62  33  28  26  27  29  31  34  30  32  89  50  80
route 4:   69  98  88  53  60  55
route 5:   61  44  43  35  72  54  68
route 6:   91  95  85  63  76  51  84  57  86  87  59  97  75  58  77  25  83
route 7:   42  39  37  36  40  38  41  81
route 8:   82  12  14  47  16  15  11   9  10  17  13  74  24
route 9:   65  52  99  90
route 10:  94  67  71  93  96