Solution: RC202 with 100 nodes and 11 routes, obj_func: distance
route 1:   64  23  21  48  18  19  49  22  20  24  25  77  58  83
route 2:   65  99  53  90
route 3:   56  66
route 4:   96  71  67  84  57  86  87  59  97  75  74  52
route 5:   82  12  14  47  16  15  11   9  10  13  17  60  98
route 6:   61  44  40  38  41  72  81
route 7:   42  39  37  36  35  43  54
route 8:   92  62  33  28  26  27  29  31  30  32  34  50  93  94  80
route 9:    1   3   5  45   4   2 100  70
route 10:  91  95  85  63  51  76  89
route 11:  69  88  78  73  79   7   8  46   6  55  68