Solution: RC202 with 100 nodes and 10 routes, obj_func: distance
route 1:   64  84  51  89  24
route 2:   90  99  87  59  97  75  58  77  25  83
route 3:   94  67  71  96  81
route 4:   92  62  33  28  26  27  29  31  30  32  34  50  93
route 5:   61  44  41  38  40  35  43  54
route 6:   69  88  53   9  10  13  17  60  98
route 7:   72  37  36  39  42   1  45   5   3 100  70
route 8:   95  85  63  76  23  21  48  18  19  49  22  20  66  56  91  80
route 9:   65  57  86  74  52
route 10:  82  14  47  16  15  11  12  78  73  79   7   6   8  46   4   2  55  68