Solution: RC202 with 100 nodes and 10 routes, obj_func: distance
route 1:   90
route 2:   96  71  72  41  38  40  35  43  54
route 3:   69  88  55  68
route 4:   82  12  14  47  16  15  11   9  99  66
route 5:   91  95  85  63  76  89  24  25  77  58  83
route 6:   45   7  79  73  78  53  10  13  17  60  98
route 7:   65  64  23  21  48  18  19  22  57  86  87  59  97  75  74  52
route 8:   42  39  37  36  44   1   3   5   8   6  46   4   2 100  70
route 9:   61  81  67  84  51  49  20  56
route 10:  92  62  33  28  26  27  29  31  30  32  34  50  93  94  80