Solution: RC202 with 100 nodes and 11 routes, obj_func: distance
route 1:   90
route 2:   95  85  63  76  23  21  48  18  19  49  22  20  24  74  52
route 3:   69  88  53   9  10  13  17  60  98
route 4:   94  67  62  84  51  56  66
route 5:   65  64  57  99  86  87  59  97  75  58  77  25  83
route 6:   82  14  47  16  15  11  12  78  73  79   7   6  55
route 7:   39  36  37  38  72  71  93  96
route 8:   92  50  33  28  26  27  29  31  34  30  32  89  91  80
route 9:    2  45   8  46   4   5   3   1  70 100
route 10:  81  61  68
route 11:  42  44  41  40  35  43  54