Solution: RC202 with 100 nodes and 10 routes, obj_func: distance
route 1:    2  45   6   7   8  46   4   5   3   1  70 100
route 2:   91  95  85  63  51  76  89  24  83
route 3:   42  39  36  35  37  72  54
route 4:   96  71  67  62  84  56
route 5:   61  44  41  38  40  43  68  55
route 6:   92  50  33  31  29  27  26  28  30  32  34  93  94  80
route 7:   82  12  14  47  16  15  11   9  10  13  17  60  98
route 8:   64  23  21  48  18  19  49  22  20  66
route 9:   69  88  79  73  78  53  90  81
route 10:  65  99  52  57  86  87  97  59  74  58  75  77  25