Solution: C104 with 100 nodes and 11 routes, obj_func: distance
route 1:   23
route 2:   13  10   8  11   9   6   4   2   3   5   7
route 3:   43  46  48  45  44  42  40  41
route 4:   98  96  95  94  92  93  97 100  99   1
route 5:   81  78  76  71  70  73  77  79  80  63
route 6:   90  87  86  83  82  84  85  88  89  91  75
route 7:   12  14  16  15  19  18  17  30  28  26
route 8:   20  24  34  36  39  38  37  35  31  51  50  47
route 9:   55  54  53  56  58  60  59  57
route 10:  21  22  25  27  29  33  32  52  49
route 11:  67  65  62  74  72  61  64  68  66  69