Solution: C104 with 100 nodes and 11 routes, obj_func: distance
route 1:   90  87  86  83  82  84  85  88  89  91
route 2:   23  10   7   3   5
route 3:   68  55  54  53  56  58  60  59  40  41
route 4:   98  96  95  94  92  93  97 100  99
route 5:   25  26  28  30  34  33  32  29  24  20
route 6:   21  22  27  36  39  38  37  35  31  52  49  47
route 7:   67  65  63  62  74  72  61  64  66  69
route 8:   81  78  76  77  79  71  70  73  80
route 9:   43  42  44  46  50  51  48  45  57
route 10:   8  11   9   6   4   2   1  75
route 11:  13  15  12  14  16  19  18  17