Solution: C104 with 100 nodes and 10 routes, obj_func: distance
route 1:    5   3   7   8  11   9   6   4   2   1  75
route 2:   43  42  44  57  45  48  51  50  46  47
route 3:   24  25  27  29  34  30  28  23  26  22  21  20
route 4:   90  87  86  83  82  84  85  88  89  91
route 5:   13  17  18  19  15  16  14  12  10
route 6:   68  55  54  53  56  58  60  59  40  41
route 7:   98  96  95  93  92  94  97 100  99
route 8:   67  65  63  62  74  72  61  64  66  69
route 9:   81  78  76  77  79  71  70  73  80
route 10:  32  33  36  39  38  37  35  31  52  49