Solution: C104 with 100 nodes and 11 routes, obj_func: distance
route 1:   10   8   7   3   5
route 2:   68  55  54  53  56  58  60  59  40  41
route 3:   67  65  63  62  74  72  61  64  66  69
route 4:   24  29  36  37  38  39  18  19  16  14  12
route 5:   81  78  76  77  79  71  70  73  80
route 6:   90  87  86  83  82  84  85  88  89  91
route 7:   43  42  44  57  45  48  51  50  46  47
route 8:   13  17  15  11   9   6   4   2   1  75
route 9:   49  52  31  35  33  32  34  30  28  27  20
route 10:  98  96  95  94  92  93  97 100  99
route 11:  21  22  25  26  23