Solution: C104 with 100 nodes and 11 routes, obj_func: distance
route 1:    5   3   7   8  10  11   9   6   4   2   1  75
route 2:   81  78  76  71  70  73  77  79  80  57  40
route 3:   43  42  44  46  45  48  51  50  52  49  47
route 4:   22  25  21
route 5:   41  55  54  53  56  58  60  59  68  69
route 6:   67  65  63  62  74  72  61  64  66
route 7:   27  29  34  36  39  38  37  35  31
route 8:   98  96  95  94  92  93  97 100  99
route 9:   20  24  32  33  30  28  26  23
route 10:  90  87  86  83  82  84  85  88  89  91
route 11:  13  17  18  19  15  16  14  12