Solution: C104 with 100 nodes and 11 routes, obj_func: distance
route 1:   98  96  95  94  92  93  97 100  99   1
route 2:   67  65  62  74  63
route 3:    7   8  11   9   6   4   2  75   3   5
route 4:   90  87  86  83  82  84  85  88  89  91
route 5:   68  55  54  53  56  58  60  51  50  52  49
route 6:   41  40  59  57  64  69
route 7:   13  17  18  19  15  16  14  12  10
route 8:   43  42  44  45  48  46  47
route 9:   81  78  76  71  70  73  77  79  80  72  61  66
route 10:  21  24  25  27  29  30  28  26  23  22  20
route 11:  34  36  39  38  37  35  31  33  32