Solution: C104 with 100 nodes and 11 routes, obj_func: distance
route 1:   67  65  62  74  72  61  64  68  66  69
route 2:   81  78  76  71  70  73  77  79  80  63
route 3:   90  87  86  83  82  84  85  88  89  91
route 4:   47  49  52  31  35  38  39  37  33  32
route 5:   41  40  44  45  48  51  50  46  42  43
route 6:   12  14  16  19  15  17  18  23
route 7:   13  10   8  11   9   6   4   2   1  75
route 8:   55  54  53  56  58  60  59  57
route 9:   20  25  26  28  30  36  34  29  27  24  22  21
route 10:  98  96  95  94  92  93  97 100  99
route 11:   7   3   5