Solution: C104 with 100 nodes and 11 routes, obj_func: distance
route 1:   81  78  76  71  70  73  77  79  80  63
route 2:    5   3   7   8  10  11   9   6   4   2   1  75
route 3:   67  65  62  74  72  61  64  68  66  69
route 4:   98  96  95  94  92  93  97 100  99
route 5:   47  46  45  48  50  51  33  32
route 6:   55  54  53  56  58  60  59  57
route 7:   49  52  31  35  37  38  39  36  34  29  24  20
route 8:   90  87  86  83  82  84  85  88  89  91
route 9:   41  40  44  42  43
route 10:  21  22  25  27  30  28  26  23
route 11:  13  15  12  14  16  19  18  17