Solution: C104 with 100 nodes and 10 routes, obj_func: distance
route 1:    5   3   7   8  11   9   6   4   2   1  75
route 2:   43  42  44  45  46  48  50  51  33  32  20
route 3:   67  65  62  74  72  61  64  57  68  69
route 4:   66  55  54  53  56  58  60  59  40  41
route 5:   24  29  34  36  39  38  37  35  31  52  49  47
route 6:   13  15  12  14  16  19  18  17  10
route 7:   90  87  88  85  84  82  83  86  89  91
route 8:   21  22  25  27  30  28  26  23
route 9:   81  78  76  71  70  73  77  79  80  63
route 10:  98  96  95  94  92  93  97 100  99