Solution: RC205 with 100 nodes and 11 routes, obj_func: distance
route 1:   82  11  15  16  47  14  12  78  73  79   7   6   8  46   4 100  70
route 2:   64  19  23  21  18  76  51  49  22  24  20  48  25  77  58
route 3:   42  44  43  35  37  54
route 4:   65  83  57  86  87  59  75  97  74
route 5:   81  94  71  93  96
route 6:   90  99  52   9  10  13  17  60
route 7:   95  63  33  30  34  50  67  84  56  66
route 8:    2  45   5   3   1  55
route 9:   92  62  31  29  27  28  26  32  89  85  91  80
route 10:  72  39  36  40  38  41  61  68
route 11:  69  98  88  53