Solution: RC205 with 100 nodes and 10 routes, obj_func: distance
route 1:   94  67  71  93  96
route 2:   72  39  36  40  38  41  61  81
route 3:    2  45  46   8   5   3   1   4 100  70
route 4:   82  12  14  47  16  15  11   9  87  59  86  74
route 5:   63  85  33  30  32  89  20  24  25  77  58
route 6:   65  83  64  19  23  21  18  76  51  84  56  66
route 7:   69  98  88  73  79   7   6  53  78  60  55  68
route 8:   42  44  43  35  37  54
route 9:   92  62  31  29  27  28  26  34  50  95  91  80
route 10:  90  99  52  57  22  49  48  75  97  10  13  17