Solution: RC205 with 100 nodes and 10 routes, obj_func: distance
route 1:   95  63  33  30  27  28  26  29  31  32  34  50  93  96
route 2:    2  45   5   3   1   8  46   4 100  70
route 3:   65  83  64  19  23  21  18  51  76  89  85  91  80
route 4:   42  39  36  44  38  40  43  35  37  54
route 5:   90  99  52  86  87  59  75  97  74  77  58
route 6:   12  14  47  16  15  11   9  10  13  17  60
route 7:   94  67  71  72  41  61  81
route 8:   69  98  53  82  57  22  20  49  48  25  24
route 9:   92  62  84  56  66
route 10:  88  78  73  79   7   6  55  68