Solution: RC205 with 100 nodes and 11 routes, obj_func: distance
route 1:   90  99  52  57  86  87  59  75  97  74  25  77  58
route 2:    2  45   5   3   1  70
route 3:   81  61  68
route 4:   82  12  14  47  16  15  11   9  10  13  17  60
route 5:   72  36  39  42  44  40  38  41  43  35  37  54
route 6:   94  71  67  84  56  91  80
route 7:   88  78  73  79   7   6   8  46   4 100
route 8:   65  83  19  23  21  48  18  49  22  24  20  66
route 9:   69  98  53  55
route 10:  92  95  63  33  28  27  29  31  62  50  30  32  26  34  93  96
route 11:  64  51  76  89  85