Solution: RC205 with 100 nodes and 10 routes, obj_func: distance
route 1:   90
route 2:   69  88  53  98  55  68
route 3:   64  63  85  84  51  49  22  24  20  48  25  77  58
route 4:   92  33  28  27  29  31  30  32  26  34  50  94  91  80
route 5:    2  45   5   7  78  73  79   6   8  46   4   3   1  70 100
route 6:   95  62  67  71  72  41  61  81
route 7:   42  39  36  44  40  38  37  35  43  54  93  96
route 8:   83  19  23  21  18  76  89  56  66
route 9:   65  99  52  57  86  87  59  75  97  74
route 10:  82  12  14  47  16  15  11   9  10  13  17  60