Solution: RC205 with 100 nodes and 10 routes, obj_func: distance
route 1:   83  64  19  23  21  48  18  49  22  20  24  25  77  58
route 2:   81  54
route 3:    2  45  42  44  72  71  67  94  93  96
route 4:   82  12  14  47  16  15  11   9  10  13  17  60 100  70
route 5:   65  99  52  57  86  87  59  75  97  74
route 6:   95  33  30  27  29  31  28  26  32  34  50  89  91  80
route 7:   69  88  78  73  79   7   6   8  46   5   3   4   1  43  35  37
route 8:   39  36  40  38  41  61  68
route 9:   90  98  53  55
route 10:  92  62  85  63  76  51  84  56  66