Solution: RC205 with 100 nodes and 11 routes, obj_func: distance
route 1:   69  88  78  73  79   7   6   8  46   5   3   1  55
route 2:   42  44  43  35  37  54
route 3:   72  39  36  40  38  41  61  68
route 4:   94  62  67  71  81
route 5:   64  84  50  34  31  26  32  93  96
route 6:   90  98  53  10  13  17  60
route 7:   92  95  33  28  27  29  30  63  51  76  89  85  56  91  80
route 8:   82  12  14  47  16  15  11   9  87  59  75  97  58
route 9:    2  45   4 100  70
route 10:  65  99  52  57  86  74  77  25  24
route 11:  83  19  23  21  48  18  49  22  20  66